$ANSIBLE_VAULT;1.1;AES256
39316133386230636438333431393938616437326438626561323166393065663039366531326137
3331636165343036353539613462333833386637363832380a653563323238663630636165613733
61616431616565616466376136373338343330653235616233306131333934333662393166333463
3237333732393462300a613562313662303961666533623465663938383764383932616233316530
64333765646161363665303031623031616336613766323739393630306638363863373435626634
33376531363030303532663363386133396261346139636530656136666333333430633233373132
63643863623861633936656436306662396163663961656430653430656362663362653563353366
33643139393930643637613738333163313031323932353765363839373730383364363562373538
66386666623666353962633037366332313262323738663237663932306265323061373264366661
37633039396366333436306337656538613162376435353235323830636263326238323330623731
62343832653865376263343265316137343663666633383165643032646532643137373333613339
38363362623038663462663038653063363136653633626365633730333436376534383034376464
66653933643638626461333761666264396366333135386630303930623239346432323231316564
65396339343864626437623664356461326363366332643862663131373463636235306630303462
62373264383363616331383137376439356365366138656134306433613738623865636530663833
32623438643438363031393165363831656137326564613762663661346337346265306336363531
63396333643364653638343762376135383130393864663262336137383163343636396633306536
65316139396436323135613137366362303065646639343861333063356339626162666166326163
35373232323261383538303963346164643032356534666361336264613262646538363365346365
62353162393466376335353638623230623537346464623466373833343764633831343365626635
66663231626664333531663038346138363161323364393938303339643433373063323837636634
66373433316438373263303630363537383330353033323930613337653334616639626562376266
37363362636637653030646130396137323933643962363539313662353934313766303532383565
33303562316362616535343265333161316336666430343134363963626230656333323433323531
37376566306463666165653835333534643262393737653366386335633534346634336262343933
62633461666537323464353033626261383835633964633962646361343432633435373536636434
30653466386437656631616636636136626535656139393931616337383938663962396164333730
64393030666539336164343763613832383134343761653930656537323538393236366662336363
31663236643637366266376134613065303365653332633963633833313330623462313239303662
37333138376436373665626666373164306539653966313764373338386130366437616264626331
61663536363532323866396637623531646439386637373334353463376131323466376262643330
36343261663361333064613832633366336131666563323436316138336633393033316365666666
39616665306139343234363335626337366434306565646438356266356238613033373162363934
37653866633839386436386636616566656562383731393561326431366163633030623065633139
63336336346538316130643962356166323330666663346664313938323839353932643537333430
35393538303532313237663962393832363437316434343136666438643565393430366465376462
34333533343633613362303266343166343637303064313034376539326536303336363163623834
31363062313737313461343062636366616466396662636633383361323866316234316665346338
36303137343065343833393763623039333831386333653732663933343732623638373536333130
64356337383035306638356565316331376561623733636564303937383534363231643632666163
31636265666136373038373365306537643337323439333062386632646161343439
